1 0 0 0 0 1 0 0 0 0 1 0
0.999993198 -0.00159618143 -0.00332493428 -0.00761585139 0.00158852457 0.999996084 -0.00230423126 0.000933349113 0.00332859923 0.00229893385 0.999991818 0.662296712
0.999973951 -0.000134886188 -0.00721660141 -0.020151244 0.000105409461 0.999991652 -0.0040847963 0.00228313995 0.00721709215 0.0040839292 0.999965617 1.35533642
0.99993603 -0.000209056034 -0.0113089479 -0.0298043233 0.000146304426 0.999984591 -0.0055493886 -0.00258390043 0.0113099337 0.00554737905 0.999920653 2.07104295
0.999868628 0.000777837207 -0.0161901714 -0.0476679244 -0.000881571436 0.999979124 -0.00640108438 -0.00674685759 0.0161848544 0.00641451625 0.999848441 2.78631252
0.999789315 -0.000573334699 -0.0205181967 -0.0676623948 0.000440159882 0.999978814 -0.00649449888 -0.0192112662 0.0205214855 0.0064840993 0.999768386 3.52191458
0.9996664 0.000919820663 -0.0258116905 -0.081840355 -0.00111885241 0.999969748 -0.00769753228 -0.0285351716 0.0258038293 0.00772384385 0.999637186 4.27829324
0.999527634 0.00273434569 -0.0306109764 -0.116107279 -0.00298217003 0.999963126 -0.00805320598 -0.042727146 0.0305878274 0.00814068906 0.999498931 5.03832306
0.99936802 0.00304286649 -0.0354161188 -0.141331084 -0.00325744021 0.999976679 -0.00600252221 -0.0625611702 0.0353970279 0.00611409462 0.999354626 5.82229433
0.999208096 0.00205878494 -0.0397359187 -0.194270611 -0.00219410855 0.99999194 -0.00336226469 -0.0657628851 0.0397286763 0.00344678702 0.99920456 6.64298459
0.999057968 0.00188067238 -0.0433548215 -0.229373556 -0.00192153083 0.999997748 -0.000900765769 -0.071483285 0.0433530299 0.000983224845 0.999059332 7.45415951
0.998932826 0.00351191927 -0.0460529725 -0.272269927 -0.00359613068 0.99999201 -0.00174585422 -0.0757595544 0.0460464732 0.0019096036 0.998937473 8.27425228
0.998818993 0.0027830349 -0.0485064269 -0.319883243 -0.0028874037 0.999993665 -0.00208171164 -0.0804037479 0.0485003261 0.00221931076 0.998820701 9.09549195
0.998698266 -0.000858900025 -0.0510003467 -0.352647605 0.000743548684 0.999997123 -0.00228070553 -0.0905018672 0.0510021588 0.00223981542 0.998696031 9.93750905
0.998601611 -0.000631599916 -0.0528623119 -0.408334132 0.000541000719 0.99999836 -0.001728163 -0.0930440621 0.0528633167 0.00169714781 0.998600315 10.7882228
0.99852775 -0.00129827686 -0.054227736 -0.458334182 0.00118966534 0.999997222 -0.00203510987 -0.111067533 0.0542302274 0.00196760082 0.99852652 11.6335349
0.998438258 0.003024735 -0.0557843723 -0.518929365 -0.00328107932 0.999984473 -0.00450425592 -0.135418264 0.055769882 0.00468025438 0.998432679 12.4855881
0.998350351 0.00370585458 -0.0572960989 -0.566144945 -0.00411138395 0.999967316 -0.00696152371 -0.151435349 0.0572684279 0.0071856059 0.998332958 13.3355878
0.998240789 0.00809983837 -0.0587343226 -0.638724488 -0.00859914482 0.999928966 -0.00825333611 -0.177217611 0.0586632998 0.0087438817 0.998239531 14.2185254
0.998158085 0.0110040315 -0.0596602845 -0.703247773 -0.0115100228 0.999900591 -0.00814419058 -0.202125497 0.0595647348 0.00881588091 0.998185515 15.120094
0.998069016 0.0094788225 -0.0613872309 -0.752050946 -0.00992887868 0.999925992 -0.00703053681 -0.203075812 0.0613160465 0.00762646732 0.998089264 16.0056358
0.997944771 0.010678871 -0.063183818 -0.794212399 -0.0110365214 0.999924975 -0.00531416187 -0.220990515 0.0631223284 0.00600056962 0.997987758 16.8845622
0.997838871 0.0103506797 -0.064887984 -0.828411493 -0.0107066648 0.999929467 -0.00514080761 -0.244142271 0.0648301964 0.00582443155 0.997879312 17.7739243
0.997699495 0.0113819147 -0.0668294089 -0.898301752 -0.0118184722 0.999911304 -0.00614068922 -0.264981129 0.0667535886 0.00691638405 0.99774552 18.7008475
0.997654712 0.00860485604 -0.0679045767 -0.970914502 -0.0090853118 0.999935811 -0.00676980034 -0.271327949 0.0678419648 0.00737085746 0.997668852 19.6160437
0.997628271 0.00957708454 -0.0681623941 -1.05499269 -0.00994503138 0.99993774 -0.00506079921 -0.28531057 0.0681096827 0.00572667352 0.997661404 20.5699239
0.997614452 0.0123876401 -0.0679113562 -1.12991059 -0.012551863 0.999919238 -0.00199201355 -0.303443433 0.0678811952 0.00283967555 0.99768937 21.5043721
0.997636393 0.0135955128 -0.0673556951 -1.18058532 -0.0135174446 0.999907331 0.00161468567 -0.315959239 0.0673714058 -0.000700392308 0.99772772 22.4211356
0.997798255 0.0107695879 -0.065442026 -1.26139903 -0.0104671031 0.9999329 0.00496329568 -0.322263322 0.0654910875 -0.00426737934 0.997844029 23.3652305
0.997901628 0.0117926384 -0.0636653244 -1.31917924 -0.0114762747 0.999919926 0.00533258682 -0.325630979 0.0637231118 -0.00459075632 0.997957058 24.2861768
0.998020227 0.011184843 -0.0618912433 -1.41479381 -0.0110378353 0.999935391 0.00271666075 -0.337820673 0.06191763 -0.00202813703 0.998079202 25.2724815
0.99804759 0.0118637223 -0.0613209611 -1.46770104 -0.0120189023 0.999925432 -0.00216237307 -0.352500831 0.0612907348 0.00289516187 0.998115757 26.2042831
0.998144433 0.010862145 -0.059914145 -1.53511059 -0.0111510733 0.999927744 -0.0044901178 -0.375487877 0.0598610435 0.00514989311 0.998193435 27.1450702
0.998183544 0.00938518252 -0.0595107628 -1.57873093 -0.0096086246 0.999947817 -0.00346959403 -0.399728426 0.0594750945 0.00403510824 0.998221634 28.099627
0.998205963 0.00603077721 -0.05956917 -1.64203196 -0.0059608036 0.99998132 0.00135229117 -0.400302325 0.0595762126 -0.000994784983 0.998223264 29.0839115
0.998133923 0.00352081462 -0.0609612634 -1.68626071 -0.00322894305 0.999982852 0.00488567052 -0.432920404 0.0609774196 -0.00467971303 0.998128175 30.0679045
0.998078935 -0.00210947859 -0.0619192246 -1.72475024 0.0023900215 0.999987211 0.00445707294 -0.45872093 0.0619090306 -0.00459649889 0.998071212 30.9952974
0.998002151 -0.00466244764 -0.0630076894 -1.7974929 0.00471161877 0.999988701 0.000631838863 -0.469309448 0.0630040315 -0.000927444755 0.998012842 31.9507715
0.99792312 -0.00408086817 -0.0642867977 -1.86979502 0.00385996536 0.999986213 -0.00356003463 -0.474254924 0.0643004394 0.00330449605 0.997925114 32.8965633
0.997820316 -0.00298834858 -0.0659218221 -1.95245299 0.00270000031 0.999986397 -0.00446275231 -0.479337121 0.0659342616 0.00427503598 0.997814811 33.8540119
0.99775881 -0.00322364668 -0.0668353538 -2.01625291 0.00300710343 0.9999899 -0.00334030073 -0.479714612 0.0668454467 0.00313183366 0.997758427 34.8274758
0.997664731 -0.000577567986 -0.0682989881 -2.08232564 0.000533686198 0.999999639 -0.000660740113 -0.48430854 0.0682993451 0.00062274688 0.997664679 35.7947144
0.99758566 -0.000553794995 -0.0694445355 -2.16286167 0.000584639878 0.999999739 0.000423841964 -0.492732112 0.0694442827 -0.00046341871 0.997585724 36.7884511
0.997548864 0.00129924388 -0.0699612458 -2.24856054 -0.00106989784 0.999993931 0.00331555863 -0.512510711 0.0699651289 -0.00323258036 0.9975442 37.7676258
0.997578899 0.00171161895 -0.0695227325 -2.33949207 -0.00125902519 0.999977734 0.00655330787 -0.531486103 0.0695324013 -0.00644991078 0.997558842 38.7840781
0.997451904 0.00876514864 -0.070801639 -2.38267699 -0.00814835746 0.999926338 0.00899567203 -0.550156238 0.0708752721 -0.00839583313 0.997449851 39.7350337
0.99741382 0.00813130916 -0.0714111619 -2.43138867 -0.00756140029 0.999937401 0.00824738019 -0.542734307 0.0714737537 -0.0076860826 0.997412867 40.703611
0.997406688 0.00963310549 -0.0713239232 -2.48894623 -0.0091769222 0.999935305 0.00672086833 -0.567399756 0.0713840518 -0.00604890493 0.997430563 41.6687695
0.997356486 0.012036989 -0.0716599655 -2.5612307 -0.0117737669 0.999922304 0.00409449043 -0.567076376 0.0717036832 -0.00323995886 0.997420716 42.6565149
0.997288224 0.0111158119 -0.072750513 -2.63043516 -0.0108530183 0.999933077 0.00400657909 -0.569074647 0.0727901807 -0.00320615149 0.997342123 43.6437008
0.99722334 0.0107200462 -0.0736932168 -2.71641698 -0.010377598 0.999933509 0.00502828377 -0.589705893 0.0737422203 -0.00424956336 0.997268282 44.6331407
0.997132195 0.0118357825 -0.0747482477 -2.77923662 -0.0114425718 0.999918362 0.00568654875 -0.605702726 0.0748094502 -0.00481492865 0.997186223 45.6103148
0.997042505 0.0144911762 -0.0754735018 -2.8524727 -0.0143857397 0.999894637 0.00194048777 -0.619814781 0.0754936696 -0.000849006637 0.99714592 46.5806945
0.996964168 0.0150838928 -0.0763866672 -2.93139047 -0.0153200457 0.9998795 -0.00250647817 -0.625154329 0.0763396551 0.00366911615 0.99707512 47.5264135
0.996849135 0.017342725 -0.0774017618 -2.99830825 -0.0177178228 0.999834365 -0.00416197098 -0.639672066 0.0773167614 0.00552024787 0.996991296 48.4879497
0.996882867 0.0164480402 -0.0771622379 -3.09311413 -0.0165343884 0.999863182 -0.000480269888 -0.661574911 0.0771437812 0.00175460324 0.997018434 49.4854777
0.996888376 0.0149465614 -0.077396159 -3.17101929 -0.014789333 0.99988724 0.00260428757 -0.68334863 0.0774263569 -0.00145154644 0.996997017 50.4660027
0.996890712 0.0144132106 -0.0774672073 -3.24732592 -0.0141919851 0.999893489 0.0034055356 -0.710926479 0.0775080409 -0.00229553336 0.996989084 51.4320565
0.996873724 0.0127167586 -0.0779811653 -3.30265299 -0.0126038168 0.999918686 0.00194035119 -0.72826169 0.0779994993 -0.000951424803 0.996952944 52.3685706
0.996845783 0.0106000847 -0.0786519161 -3.36518498 -0.0105736384 0.999943814 0.000752712046 -0.750840127 0.0786554758 8.12990944e-05 0.996901856 53.3280165
0.99677362 0.00945232255 -0.0797057346 -3.44198272 -0.00935666729 0.999954987 0.0015735123 -0.756078273 0.0797170201 -0.000822655509 0.996817195 54.2563666
0.996713456 0.00792192365 -0.0806196575 -3.52581568 -0.00748899939 0.999955877 0.00567092014 -0.778016014 0.0806610249 -0.00504852184 0.996728805 55.2066945
0.9966299 0.00856190096 -0.0815814712 -3.58085506 -0.00771107834 0.999912608 0.0107384861 -0.796664797 0.0816662835 -0.0100732152 0.996608824 56.119495
0.996538957 0.0124524986 -0.0821890709 -3.66142747 -0.0114305828 0.999851551 0.0128925771 -0.818146382 0.0823374148 -0.0119084863 0.99653336 57.0605797
0.996403402 0.0146497511 -0.0834604442 -3.74691702 -0.0139559614 0.999863089 0.00889017512 -0.836592867 0.0835792563 -0.00769342999 0.996471434 57.9802999
0.996182417 0.0183046877 -0.0853553234 -3.82402692 -0.018248344 0.999832448 0.00144034741 -0.865605307 0.0853673871 0.00012274454 0.996349534 58.8923822
0.996035779 0.0219592074 -0.0862004677 -3.91127497 -0.0223499404 0.999743834 -0.00357025975 -0.888812619 0.086099986 0.00548268176 0.996271415 59.8034691
0.99583684 0.0269991801 -0.0870633844 -4.01394979 -0.0273548398 0.999621596 -0.00289437119 -0.902160432 0.0869522936 0.00526392639 0.996198569 60.7293614
0.995675135 0.0300480858 -0.0879098289 -4.0982937 -0.0301748629 0.999544629 -0.000113274521 -0.931179088 0.0878663936 0.00276545166 0.99612843 61.6015908
0.99548158 0.033006734 -0.0890335894 -4.18444048 -0.0330068801 0.999454042 0.00147104587 -0.95263907 0.0890335352 0.00147432195 0.996027538 62.4945642
0.995354386 0.0331351587 -0.0903974982 -4.25149926 -0.0331615091 0.999449272 0.00121083891 -0.961746593 0.0903878351 0.00179250363 0.995905029 63.3303863
0.995153169 0.0349316878 -0.0919235927 -4.3460343 -0.034857497 0.99938938 0.00241297373 -0.987554093 0.0919517515 0.000802947906 0.99576314 64.1973989
0.995006209 0.0358935407 -0.0931359092 -4.43417041 -0.0357568488 0.999355597 0.00313653673 -1.00473873 0.0931884736 0.0002093731 0.995648464 65.0288637
0.994887996 0.0354122778 -0.0945719122 -4.52144375 -0.0352917427 0.999372706 0.00294730939 -0.992172117 0.0946169588 0.000405364866 0.99551367 65.8547477
0.994770369 0.0348055167 -0.0960233793 -4.59934095 -0.0345506378 0.999393628 0.00431624987 -1.00581487 0.0961153827 -0.000976008481 0.995369721 66.6559698
0.99451951 0.0375767572 -0.0975650163 -4.68363089 -0.0370696647 0.999288127 0.0070056119 -1.01433138 0.0977588106 -0.00335051527 0.995204496 67.4439609
0.994381696 0.0393987761 -0.0982485584 -4.78758803 -0.0385424509 0.999200746 0.01059943 -1.00906753 0.0985876375 -0.00675313893 0.995105458 68.2347624
0.994085908 0.0424806029 -0.0999430157 -4.87596282 -0.0414128999 0.99906096 0.0127345742 -1.01779236 0.100390138 -0.00852033067 0.994911667 69.0175216
0.9937686 0.0448496269 -0.102041559 -4.94683314 -0.0442112286 0.998985956 0.00851042141 -1.02342501 0.102319773 -0.0039460069 0.994743732 69.761832
0.993590441 0.0443043194 -0.103995976 -5.02166238 -0.0444021515 0.999012791 0.00137532773 -1.03705848 0.103954243 0.00325113259 0.994576767 70.4909809
0.993448202 0.0432859848 -0.105768586 -5.10384086 -0.0439817801 0.999023277 -0.00425375766 -1.04768617 0.105481151 0.00887777859 0.994381673 71.197863
0.993314976 0.044252032 -0.106616683 -5.17423859 -0.0450689961 0.998970006 -0.00526424262 -1.06184331 0.106273915 0.0100341579 0.994286262 71.8903388
0.993157115 0.0469551743 -0.106930619 -5.26487485 -0.0473763679 0.998876127 -0.00140066692 -1.08252123 0.106744674 0.00645706667 0.994265498 72.5595992
0.99298631 0.0471418254 -0.108424335 -5.33737081 -0.0472849263 0.998880657 0.00125223814 -1.10819732 0.108362003 0.00388338134 0.994103916 73.2234132
0.993038051 0.0441325754 -0.10921422 -5.42213495 -0.0446347464 0.999001046 -0.00215642783 -1.11884923 0.109009951 0.0070161639 0.994015897 73.8700816
0.993328262 0.0363212391 -0.109451959 -5.48491896 -0.0373596073 0.999274111 -0.00745057322 -1.13642441 0.109101895 0.0114899472 0.993964163 74.4910092
0.993597975 0.0322952833 -0.108259314 -5.55745554 -0.0338540016 0.999347478 -0.012590673 -1.14295272 0.107782053 0.0161750781 0.994042955 75.0820472
0.99384468 0.0345906299 -0.10524372 -5.63333726 -0.0361156336 0.999267949 -0.0126185441 -1.16160045 0.104730192 0.0163418166 0.994366397 75.6681056
0.99407374 0.0391065089 -0.101430176 -5.69297781 -0.040266237 0.999144667 -0.00941089771 -1.18324887 0.100975392 0.0134393378 0.994798148 76.2462635
0.994572433 0.037261905 -0.0971453897 -5.73949445 -0.0380762411 0.999253424 -0.00654167479 -1.19729453 0.0968291081 0.0102051007 0.995248702 76.8103766
0.995220124 0.0338568937 -0.0916003012 -5.77513772 -0.034186661 0.999413398 -0.00203296193 -1.22486883 0.0914777384 0.00515475307 0.99579378 77.3573781
0.996082891 0.0296253253 -0.0833139538 -5.81309604 -0.0296331457 0.999560188 0.00114298202 -1.23774367 0.0833111726 0.00133034969 0.996522694 77.8852043
0.996790423 0.0338793017 -0.0725330651 -5.85594453 -0.0339073787 0.999424623 0.000844552017 -1.2570384 0.0725199441 0.00161756475 0.997365651 78.409368
0.997596565 0.0392413394 -0.0571070088 -5.89612316 -0.0393358408 0.999225905 -0.000531226631 -1.25618753 0.0570419565 0.00277630207 0.998367922 78.9125855
0.99826388 0.0443577512 -0.0387506862 -5.923041 -0.04441696 0.999012857 -0.000667938782 -1.25854589 0.0386828054 0.00238796684 0.999248687 79.3929182
0.998940754 0.0430011725 -0.0163789243 -5.92394747 -0.0430283802 0.999072989 -0.00131221482 -1.25789502 0.0163073141 0.00201558344 0.999864995 79.8768455
0.999190715 0.0390600821 0.00960334608 -5.89557156 -0.0390515213 0.999236618 -0.00107741612 -1.27236785 -0.00963809902 0.000701518908 0.999953306 80.3447235
0.998492707 0.0383530674 0.0392601087 -5.85778749 -0.0383548634 0.999263931 -0.000707728982 -1.27872621 -0.0392583541 -0.000799153879 0.999228774 80.8065491
0.996678735 0.0378510303 0.0721026965 -5.7980964 -0.0379629286 0.999279132 0.000181672231 -1.29271073 -0.0720438435 -0.00291829837 0.997397197 81.2560776
0.993213801 0.0378058305 0.109986653 -5.73129327 -0.0380241224 0.999276815 -0.000112802811 -1.31104611 -0.109911377 -0.00407010864 0.993933058 81.7006898
0.987689457 0.0385553852 0.151601513 -5.63583508 -0.0387106016 0.999248603 -0.00192848851 -1.3131592 -0.151561954 -0.00396383801 0.988439812 82.1424411
0.979710733 0.0377916874 0.19682141 -5.52441274 -0.0380834735 0.999271906 -0.00230352848 -1.34110129 -0.19676516 -0.00523885138 0.980436651 82.5608901
0.968405107 0.0409388781 0.245999099 -5.39522325 -0.0405261158 0.999155731 -0.0067423708 -1.34051503 -0.246067435 -0.00344004166 0.969246606 82.9711974
0.953062821 0.0420121623 0.299843689 -5.25215881 -0.0406014224 0.999115565 -0.0109366954 -1.35657456 -0.300037971 -0.0017507225 0.953925653 83.3604249
0.933476366 0.0421381014 0.356154817 -5.08957522 -0.0395682745 0.999111641 -0.0145010491 -1.37210206 -0.356449471 -0.000556045005 0.934314436 83.7178763
0.909214571 0.0425888708 0.414143758 -4.90288722 -0.0385626134 0.999092572 -0.0180819687 -1.3841742 -0.414538043 0.000469923785 0.910031862 84.0766266
0.880113927 0.0423705469 0.472868071 -4.69181958 -0.0365040454 0.999100464 -0.0215804681 -1.39656518 -0.473357085 0.00173167298 0.88086893 84.4135204
0.846900773 0.041462634 0.530131994 -4.45332439 -0.0328573351 0.999130771 -0.0256534055 -1.40876467 -0.530734846 0.00430716438 0.847526974 84.7186777
0.810459843 0.0415087762 0.584321713 -4.19657825 -0.0311251724 0.999128681 -0.0278047283 -1.43252896 -0.584966723 0.00434750162 0.811045641 84.9963751
0.770393076 0.041239856 0.636234062 -3.92834883 -0.0295617441 0.999143115 -0.0289678851 -1.44420282 -0.636883515 0.00350846958 0.77095206 85.2641346
0.728011467 0.040698989 0.684355826 -3.64128887 -0.0296276676 0.999171452 -0.0279035926 -1.4652603 -0.684924452 3.82685178e-05 0.728614091 85.5059081
0.682882324 0.040010629 0.72943189 -3.33754487 -0.0275908522 0.999199197 -0.0289777338 -1.47943484 -0.730007176 -0.000337265222 0.683439397 85.7321772
0.636212924 0.0389483652 0.770529779 -3.02392503 -0.0231078469 0.999238824 -0.0314292951 -1.49806462 -0.77116739 0.00219043955 0.636628666 85.9387664
0.589385105 0.0362090716 0.807040334 -2.69281697 -0.0163259943 0.999324862 -0.0329132591 -1.52207139 -0.807687229 0.00622284883 0.589578338 86.1266347
0.54237946 0.0383902536 0.839256045 -2.35658387 -0.0163246576 0.9992484 -0.035158806 -1.54051113 -0.839975016 0.00536884662 0.542598515 86.3008793
0.494604927 0.0414925939 0.868126909 -2.01577512 -0.0180701302 0.999134775 -0.0374589449 -1.55321657 -0.868930053 0.00284021244 0.494926759 86.466259
0.448966531 0.0434935445 0.89248942 -1.6881605 -0.0170817345 0.999049908 -0.0400935784 -1.57496152 -0.893385285 0.00275540748 0.449282917 86.6020577
0.406849915 0.0407603338 0.912585197 -1.35201303 -0.00890480877 0.99913352 -0.0406560343 -1.59793614 -0.913451614 0.00841450746 0.406860351 86.7029244
0.367839371 0.033401738 0.929289256 -0.979267005 0.00805019642 0.999202829 -0.0391011626 -1.61062096 -0.9298545 0.0218639081 0.36727725 86.79541
0.332836493 0.0297416104 0.942515414 -0.607801683 0.0146664067 0.999218325 -0.036710145 -1.62201821 -0.942870492 0.0260417903 0.332140121 86.8854106
0.299814057 0.0337997841 0.953398713 -0.254213535 0.0138179825 0.99911348 -0.0397657819 -1.63844656 -0.953897581 0.0250963871 0.299081221 86.9750895
0.268071572 0.0415187846 0.962503934 0.0976032366 0.00395581903 0.99901507 -0.0441954912 -1.6643333 -0.963390878 0.0156550462 0.267643299 87.0764581
0.23953318 0.0458283156 0.969805971 0.486483369 0.00031775151 0.998881589 -0.0472807697 -1.69115277 -0.970888127 0.0116334704 0.239250722 87.1744475
0.21414988 0.0474590768 0.975647203 0.881334663 0.00303478031 0.998781845 -0.0492505508 -1.71756463 -0.976796099 0.0135078745 0.213744985 87.2431854
0.191532315 0.0487153035 0.980276589 1.29423198 0.0117239472 0.998582649 -0.0519157268 -1.74208906 -0.981416283 0.0214362503 0.190689711 87.2820545
0.171612906 0.0552062156 0.983616432 1.70789219 0.0189551117 0.998058803 -0.0593239289 -1.75422319 -0.984982088 0.0288253112 0.170233331 87.3246612
0.152203756 0.0618595557 0.986411381 2.11987594 0.0210994579 0.997608581 -0.0658174081 -1.77150687 -0.988123894 0.0308304021 0.15053457 87.3681492
0.134575057 0.0628030757 0.988911183 2.5663273 0.0188997359 0.997645264 -0.0659297066 -1.79539605 -0.990723147 0.0275626543 0.133071207 87.4174824
0.118421086 0.0587608673 0.991223288 3.0431577 0.0165085775 0.997993008 -0.061134458 -1.82738161 -0.992826225 0.0236032954 0.117213358 87.4890895
0.104431544 0.0553829305 0.992988813 3.51987479 0.0188950001 0.998157548 -0.0576583778 -1.85574528 -0.994352569 0.0247838771 0.103192673 87.5238416
0.0917655222 0.0527818886 0.994380793 4.00140417 0.0246130275 0.998168901 -0.0552543527 -1.87527386 -0.995476412 0.0295451663 0.0902983684 87.5529839
0.0803549131 0.052165065 0.995400369 4.5382413 0.0294458696 0.998069546 -0.0546820001 -1.9007531 -0.996331285 0.0337043968 0.0786637459 87.587108
0.0696783882 0.052891436 0.996166361 5.08509115 0.0318415212 0.997966686 -0.0552142284 -1.93557775 -0.997061202 0.0355666907 0.0678525664 87.6348279
0.0617092185 0.053347097 0.996667477 5.63320702 0.0342923146 0.997867701 -0.0555345672 -1.97427058 -0.997504892 0.0376050294 0.0597482406 87.6732468
0.0563618401 0.05365474 0.996967658 6.15325972 0.0366035917 0.997772607 -0.0557673814 -2.00429157 -0.997739204 0.0396357493 0.054272344 87.6889846
0.0506439863 0.0544178554 0.997233114 6.68474255 0.037870533 0.997691678 -0.0563661149 -2.04691632 -0.997998502 0.0406203543 0.0484662505 87.7200704
0.0448568294 0.0550920868 0.997473171 7.27523905 0.0395470541 0.99759761 -0.0568774091 -2.08306803 -0.998210346 0.0419984657 0.042570336 87.7457994
0.040448826 0.0553452962 0.997647629 7.87151137 0.0420276988 0.997486877 -0.0570403578 -2.118038 -0.998297333 0.0442360495 0.0380211377 87.7658468
0.0375829992 0.0555968595 0.997745713 8.51135664 0.0432289539 0.997425973 -0.0572073873 -2.15345804 -0.99835804 0.0452815286 0.0350828655 87.7873848
0.0347531265 0.0551782985 0.997871523 9.1003234 0.0438986287 0.997426687 -0.0566825696 -2.18985479 -0.998431335 0.045775088 0.0322414442 87.7842551
0.032540458 0.0545232123 0.997982133 9.70242169 0.0456014278 0.997390094 -0.0559777589 -2.22957583 -0.998429581 0.0473309521 0.0299691942 87.7900222
0.0329409309 0.0542530799 0.997983716 10.3422216 0.0502767833 0.997171481 -0.0558684347 -2.25970023 -0.998191936 0.0520157693 0.0301200865 87.7656957
0.0350137459 0.0543444597 0.997908171 10.9697399 0.0550188222 0.996901315 -0.0562200812 -2.27726361 -0.997871218 0.0568722079 0.0319152811 87.7481622
0.0382085565 0.0544966041 0.997782655 11.6105516 0.0579268452 0.996711864 -0.0566563396 -2.29892592 -0.997589388 0.0599631584 0.0349261052 87.7417258
0.0419316206 0.0544420478 0.997636107 12.2929201 0.0596367192 0.996597595 -0.0568919646 -2.35485654 -0.99733906 0.0618813167 0.0385422071 87.7672035
0.0462431362 0.0539671771 0.997471361 13.0500637 0.0594757412 0.996619383 -0.0566783988 -2.41002988 -0.997158066 0.0619463354 0.042877068 87.8044591
0.0512334495 0.0522644992 0.997318182 13.7562598 0.0614385899 0.996573216 -0.0553816344 -2.44561578 -0.996795081 0.0641112149 0.0478468264 87.8008956
0.055468862 0.0508720439 0.997163598 14.4813141 0.060947847 0.996666297 -0.0542369973 -2.49190043 -0.996598498 0.0637834389 0.0521834038 87.8250838
0.0595036684 0.048658772 0.997041442 15.2864065 0.0584932431 0.996925045 -0.052143982 -2.54205068 -0.996512847 0.0614229456 0.056474488 87.8841466
0.0645815097 0.0481981534 0.996747795 16.0349049 0.0589971076 0.996901407 -0.0520281354 -2.56134767 -0.996166939 0.0621652924 0.0615378462 87.8963328
0.0685921562 0.04937122 0.9964224 16.8295958 0.0571952609 0.996937405 -0.0533339699 -2.59161474 -0.996003925 0.0606489311 0.0655582864 87.9607298
0.0721947853 0.0539067129 0.995932718 17.610246 0.0556152155 0.996767211 -0.0579834072 -2.62953819 -0.995838772 0.0595751124 0.0689633613 88.0070868
0.0733122459 0.0588413933 0.995571698 18.4164492 0.048928797 0.996843655 -0.0625196053 -2.70115699 -0.99610807 0.0532955781 0.0702018085 88.0749199
0.0729314833 0.0618532346 0.995417087 19.201607 0.0453609214 0.996836436 -0.0652649006 -2.76610933 -0.996304866 0.0499129022 0.0698950402 88.1321615
0.0723237247 0.0613879345 0.995490231 20.0074247 0.0427254619 0.996997153 -0.0645849235 -2.83105675 -0.996465661 0.0472038021 0.0694837197 88.2090377
0.0718438275 0.0594823281 0.995640657 20.8349135 0.0399817778 0.997246107 -0.0624632629 -2.90129113 -0.996614229 0.0442950834 0.069267768 88.2941355
0.0710695881 0.0578717554 0.995791129 21.6365464 0.0412998037 0.997288696 -0.0609063544 -2.97163217 -0.996615994 0.0454545677 0.0684868047 88.3680731
0.0711590593 0.0577612467 0.995791156 22.4825862 0.0398998516 0.997358061 -0.060703372 -3.02459481 -0.996666639 0.0440515142 0.0686663962 88.4519082
0.0710499598 0.0583265101 0.995765997 23.2766508 0.0387559481 0.997373676 -0.061185996 -3.08282802 -0.996719559 0.0429391179 0.0686028604 88.5108431
0.0712590289 0.0589394779 0.995714964 24.0569244 0.0351317821 0.997484993 -0.0615584817 -3.1420289 -0.996838958 0.0393678388 0.069009163 88.564937
0.0699324627 0.0599940247 0.995746036 24.8431096 0.0314670068 0.997560464 -0.062313311 -3.21275877 -0.997055303 0.0356908706 0.0678740275 88.6215362
0.067080106 0.0602692987 0.995925635 25.6771876 0.0293949892 0.997621265 -0.062351797 -3.26382565 -0.997314491 0.0334577885 0.0651489248 88.697566
0.0628446095 0.0590056229 0.996277517 26.4906772 0.026439159 0.997801958 -0.0607636764 -3.32637407 -0.997673056 0.0301594092 0.0611464154 88.7567516
0.0576088395 0.0566326461 0.996731641 27.3115489 0.0240151596 0.998022224 -0.058093997 -3.39088538 -0.998050346 0.0272833972 0.0561348601 88.8157057
0.051329765 0.0548585473 0.997173904 28.1113131 0.0218722493 0.998188907 -0.0560402659 -3.44986704 -0.998442217 0.0246869699 0.0500369222 88.8568552
0.0441203493 0.0551167534 0.997504656 28.930972 0.0224489483 0.998170136 -0.0561464574 -3.5140953 -0.998773968 0.0248701317 0.0428023019 88.8959706
0.0351487451 0.056501223 0.997783633 29.7354267 0.0230307444 0.998089612 -0.0573298495 -3.56131779 -0.999116685 0.024994772 0.0337803322 88.9322614
0.0249489719 0.0567889226 0.99807443 30.5361657 0.022944368 0.998089677 -0.0573633329 -3.62056948 -0.999425387 0.0243313432 0.0235983253 88.9551849
0.0152906594 0.0555885728 0.99833667 31.3075462 0.0245432635 0.998131696 -0.0559530676 -3.68188772 -0.999581825 0.0253579992 0.0138977668 88.9541617
0.00466284198 0.0545758982 0.998498738 32.0941164 0.0232862279 0.998232904 -0.0546701116 -3.73798682 -0.999717965 0.0235061872 0.00338373549 88.9558735
-0.00584447532 0.0537622876 0.998536659 32.8796172 0.0263309992 0.998215756 -0.0535908935 -3.79305755 -0.999636194 0.0259792573 -0.0072496621 88.9398438
-0.0169866337 0.0541584789 0.998387857 33.6635856 0.0269774687 0.998193226 -0.0536889246 -3.84490909 -0.999491706 0.026021983 -0.0184170013 88.9290626
-0.027735571 0.0548464822 0.998109514 34.4246186 0.0278855842 0.9981475 -0.054073682 -3.8964626 -0.999226267 0.0263331024 -0.029213617 88.9047875
-0.0379873567 0.0556702598 0.997726307 35.1942385 0.0268309642 0.998143813 -0.0546719954 -3.95794435 -0.998917945 0.0246931142 -0.0394105318 88.8650318
-0.0484510829 0.0564421733 0.997229549 35.9655944 0.0274121125 0.998101191 -0.055159671 -4.01874483 -0.998449332 0.0246636228 -0.0499062828 88.8270967
-0.0574910932 0.0568147009 0.996728079 36.7153601 0.0286882149 0.998061108 -0.0552359542 -4.07727946 -0.997933746 0.0254187739 -0.0590095365 88.7753002
-0.0668735049 0.0565888993 0.996155425 37.4463601 0.0286631019 0.998087264 -0.054774442 -4.14375657 -0.997349668 0.0248899455 -0.0683676069 88.7183339
-0.0759795187 0.0568556983 0.995487088 38.1719947 0.0296155872 0.998061217 -0.0547423367 -4.19866964 -0.996669469 0.0253226383 -0.0775160258 88.6502903
-0.0845959263 0.0561260505 0.994833351 38.9249309 0.0316210216 0.998060664 -0.0536192254 -4.2579828 -0.99591347 0.0269216788 -0.0862066295 88.5900891
-0.091628136 0.0551908451 0.994262669 39.6773317 0.0335575342 0.998066938 -0.0523094601 -4.3035216 -0.995227701 0.0285719852 -0.0933030818 88.5178906
-0.0964719035 0.0546076349 0.993836595 40.40972 0.0383388805 0.997956736 -0.0511124591 -4.32956952 -0.994597055 0.0331716663 -0.0983683815 88.4472279
-0.100194542 0.0530217014 0.993554102 41.1270561 0.0417766414 0.997922645 -0.0490418841 -4.38007697 -0.994090421 0.0365936243 -0.102201471 88.3678657
-0.102616201 0.0514035379 0.993391963 41.8446241 0.044006069 0.997920738 -0.0470921072 -4.4406305 -0.993747141 0.0388828621 -0.104664903 88.289103
-0.104264391 0.0510415181 0.993238995 42.4946687 0.0441423741 0.997935527 -0.046649061 -4.47209565 -0.993569518 0.0389800913 -0.106302234 88.2211975
-0.105169925 0.0516712614 0.993110954 43.1284038 0.0454346637 0.99785603 -0.0471066394 -4.51015343 -0.993415813 0.0401674605 -0.10729211 88.1622075
-0.103765424 0.0529493032 0.993191375 43.7312533 0.0476394296 0.997700377 -0.0482124747 -4.54321581 -0.993460226 0.0423122827 -0.106049278 88.091372
-0.100847365 0.0547615684 0.993393668 44.3817446 0.0497653223 0.997511783 -0.0499365052 -4.58760144 -0.993656491 0.0444005911 -0.103321662 88.0311746
-0.0948892759 0.0557610339 0.993924913 44.9479062 0.0510963996 0.997386729 -0.0510771127 -4.61898938 -0.99417563 0.0459393143 -0.0974904926 87.9702447
-0.0867626506 0.0566556649 0.994616699 45.5375402 0.0508940078 0.997329995 -0.0523706218 -4.65909852 -0.994928159 0.0460762161 -0.0894144277 87.9304925
-0.0750769954 0.0572223667 0.995534553 46.0926647 0.0494660202 0.997336769 -0.0535955382 -4.68624101 -0.995950078 0.0452213403 -0.0777076108 87.8833479
-0.0611158473 0.0574660925 0.996475038 46.6654748 0.0483048932 0.997341747 -0.0545534374 -4.73333133 -0.996961128 0.0448005407 -0.0637292793 87.8553689
-0.0441359535 0.0585002506 0.997311254 47.2292232 0.0467039158 0.997313393 -0.0564334969 -4.78520165 -0.997933245 0.0440875946 -0.0467495684 87.8515056
-0.0229546898 0.0615074075 0.997842633 47.7715844 0.0443803035 0.997184377 -0.0604458937 -4.81722478 -0.998750955 0.0428970422 -0.0256197755 87.8524733
0.0010690072 0.0647851404 0.997898664 48.3170247 0.041517182 0.997035959 -0.0647736079 -4.85507372 -0.999137218 0.0414991839 -0.00162385785 87.8805974
0.0294302587 0.066779964 0.997333593 48.8356776 0.0388850186 0.996934027 -0.0679006654 -4.89545388 -0.9988102 0.0407796695 0.0267432862 87.9116228
0.0623652147 0.0660231398 0.995867223 49.3547151 0.0359167399 0.997014781 -0.0683484705 -4.94360335 -0.997406922 0.040030871 0.0598077049 87.9664244
0.101044414 0.0632851391 0.992867069 49.8555824 0.0333109828 0.997200025 -0.0669513907 -4.99564827 -0.994324094 0.0398384419 0.0986534022 88.0277663
0.143195971 0.0598907448 0.987880566 50.3643996 0.0299779344 0.99744684 -0.0648160879 -5.03392315 -0.989240232 0.0388960214 0.141034968 88.1207567
0.189188946 0.0556051505 0.980365039 50.8614711 0.0255159004 0.99777984 -0.0615169065 -5.07511691 -0.981609129 0.0366532154 0.187350101 88.22568
0.237931008 0.0528161983 0.96984498 51.3418317 0.0194653055 0.9980606 -0.0591281777 -5.10943023 -0.971086988 0.0329467558 0.236441481 88.3670844
