1 0 0 0 0 1 0 0 0 0 1 0
0.999989793 -0.0029300717 -0.00343934537 -0.0013316663 0.00292354737 0.999993921 -0.00190046466 -0.0101804411 0.00344489296 0.00189039017 0.99999228 0.662207441
0.999972153 -0.00183269418 -0.00723431272 -0.0208833703 0.00180824996 0.999992639 -0.00338402322 -0.0160569283 0.00724046135 0.00337084754 0.999968106 1.34144985
0.999940778 -0.00211174921 -0.0106761769 -0.0485725589 0.00206120477 0.999986627 -0.00474310869 -0.0257018043 0.0106860504 0.00472082201 0.999931759 2.03502815
0.999880628 -0.000718027259 -0.0154341967 -0.0728377869 0.000635094514 0.999985339 -0.00537754132 -0.0338639447 0.0154378317 0.00536709722 0.999866425 2.7502943
0.99980466 -0.00181254301 -0.0196813686 -0.0980534979 0.00170622798 0.999983871 -0.00541726028 -0.0469752645 0.0196908702 0.00538262117 0.999791627 3.479507
0.999703052 -0.000197315334 -0.0243673644 -0.12148522 4.05003412e-05 0.999979289 -0.00643577739 -0.0627095818 0.0243681296 0.00643287941 0.999682356 4.22317133
0.999569271 0.00220322261 -0.0292646296 -0.15385581 -0.00240637261 0.999973241 -0.00690842378 -0.0753277987 0.0292486257 0.00697586973 0.999547825 4.98871025
0.999421812 0.00276033608 -0.0338883767 -0.179889117 -0.00293740717 0.999982288 -0.0051764536 -0.0884590029 0.0338734877 0.0052730046 0.999412218 5.77429625
0.999259 0.00197000103 -0.0384391609 -0.210889549 -0.00205960593 0.999995253 -0.0022916235 -0.104535711 0.0384344639 0.00236909494 0.999258315 6.55958609
0.999130432 0.00125371741 -0.0416750197 -0.261820722 -0.00124257435 0.999999185 0.000293282089 -0.107672744 0.0416753535 -0.000241242749 0.999131176 7.37725
0.999004769 0.00283414977 -0.0445133695 -0.304703074 -0.00286189414 0.999995748 -0.000559566097 -0.111076269 0.0445115944 0.000686401751 0.999008632 8.1938058
0.998904032 0.00230683991 -0.0467483964 -0.348643005 -0.00234453359 0.999996969 -0.00075149396 -0.118247287 0.0467465211 0.000860273533 0.998906413 9.01363337
0.998825786 -0.000564046749 -0.0484430633 -0.398484838 0.000489528443 0.999998679 -0.00155011607 -0.123743988 0.0484438736 0.00152458164 0.998824743 9.85112077
0.998731194 -0.000335241236 -0.0503576099 -0.444652362 0.000301176932 0.999999721 -0.000684034561 -0.135432569 0.0503578251 0.000668000103 0.998731016 10.6798349
0.998660495 -0.00143752039 -0.0517218382 -0.490950381 0.00138430808 0.999998475 -0.00106462569 -0.146919359 0.0517232897 0.000991600659 0.998660963 11.5259923
0.998568478 0.00209894375 -0.0534470736 -0.545433586 -0.00228842384 0.999991312 -0.00348423936 -0.165969517 0.053439296 0.00360156115 0.998564605 12.3769612
0.998486125 0.0045798997 -0.0548131541 -0.591286889 -0.00493008542 0.999968283 -0.00625520372 -0.190736569 0.0547827673 0.00651596766 0.998477036 13.218678
0.998354291 0.0100031842 -0.0564681018 -0.651545278 -0.0104688756 0.999913539 -0.0079571934 -0.214408604 0.0563836223 0.00853525571 0.998372694 14.0935914
0.998267595 0.0120751464 -0.0575847114 -0.7107097 -0.0125448379 0.999890872 -0.00780200975 -0.233394723 0.0574842169 0.00851088439 0.998310137 14.9843956
